  likeliklyhood    time   words   iteration
     -749287.90   75.79      32           0
     -322081.20   75.60      28           1
     -320232.70   74.35      28           2
     -318505.90   81.73      44           3
     -316706.50   77.48      39           4
     -314511.10   76.95      37           5
     -311389.20   78.60      48           6
     -306741.40   81.06      49           7
     -300134.90   84.05      55           8
     -290475.80   80.05      46           9
     -274163.20   83.51      51          10
     -242946.80   90.91      33          11
     -193131.00   86.01      16          12
     -155851.80   83.51       7          13
     -143115.00   83.83       8          14
     -136550.30   76.22      11          15
     -130608.90   67.13       6          16
     -124128.70   58.96       9          17
     -117560.50   52.05      21          18
     -110398.60   43.48      30          19
     -102409.90   35.81      47          20
      -96411.45   29.16      67          21
      -92973.17   23.13      80          22
      -90160.10   15.80      56          23
      -87786.00   13.04      65          24
      -86610.38   11.25      72          25
      -86026.15    9.59      73          26
      -85539.69    9.02      58          27
      -85071.59    8.74      63          28
      -84857.42    8.67      56          29
      -84610.14    8.35      59          30
      -84502.78    8.48      77          31
      -84401.77    7.61      63          32
      -84326.19    7.46      61          33
      -84247.09    7.14      70          34
      -84165.76    6.83      84          35
      -84155.25    6.77      84          36
      -84026.82    6.73      80          37
      -83986.40    6.87      61          38
      -83995.44    6.75      76          39
      -83954.50    6.99      74          40
      -83964.04    6.98      79          41
      -83820.30    6.61      78          42
      -83699.48    6.52      78          43
      -83661.12    6.37      73          44
      -83614.82    6.35      60          45
      -83534.21    7.37      72          46
      -83442.02    7.42      80          47
      -83421.58    7.21      86          48
      -83238.69    7.15      89          49
      -83132.79    6.69      88          50
      -83069.97    6.54      80          51
      -82999.14    6.25      73          52
      -82891.89    6.16      69          53
      -82779.24    5.87      75          54
      -82764.01    5.61      68          55
      -82657.35    5.94      69          56
      -82569.78    6.02      76          57
      -82529.96    5.68      74          58
      -82407.88    6.09      83          59
      -82320.19    6.15      72          60
      -82302.69    7.12      68          61
      -82199.26    6.30      70          62
      -82161.82    6.47      73          63
      -82120.66    6.38      79          64
      -82106.89    6.54      74          65
      -82118.75    5.74      69          66
      -82113.74    5.52      64          67
      -82097.49    5.11      66          68
      -82037.85    5.63      67          69
      -82046.72    5.60      83          70
      -81979.87    5.11      79          71
      -81949.10    5.40      81          72
      -81883.04    5.56      75          73
      -81884.23    5.11      73          74
      -81825.67    5.61      78          75
      -81836.43    5.87      71          76
      -81815.11    5.64      63          77
      -81804.15    5.31      65          78
      -81774.61    5.20      72          79
      -81764.27    5.15      73          80
      -81734.22    5.23      69          81
      -81721.50    5.37      64          82
      -81717.62    5.04      59          83
      -81681.27    4.92      56          84
      -81681.76    4.95      61          85
      -81655.23    4.89      62          86
      -81643.56    4.88      68          87
      -81640.71    4.88      70          88
      -81643.10    4.88      72          89
      -81640.59    4.93      71          90
      -81658.43    4.88      67          91
      -81658.77    4.90      63          92
      -81647.92    4.89      65          93
      -81657.61    4.83      62          94
      -81650.35    4.79      64          95
      -81631.75    4.82      64          96
      -81584.84    4.78      62          97
      -81586.51    4.87      59          98
      -81576.01    4.75      60          99
      -81579.99    4.73      63         100
      -81558.98    4.73      58         101
      -81563.86    4.74      61         102
      -81529.97    4.69      67         103
      -81564.09    4.64      67         104
      -81561.41    4.63      72         105
      -81555.15    4.61      72         106
      -81543.25    4.59      75         107
      -81546.61    4.65      80         108
      -81523.41    4.61      81         109
      -81513.74    4.89      81         110
      -81517.06    5.14      79         111
      -81504.10    4.84      78         112
      -81505.51    5.14      75         113
      -81492.39    5.47      72         114
      -81514.44    4.83      70         115
      -81496.72    4.86      74         116
      -81494.43    4.72      69         117
      -81480.05    4.86      66         118
      -81496.89    4.58      68         119
      -81485.22    4.47      73         120
      -81485.92    4.49      76         121
      -81486.02    4.45      73         122
      -81509.70    4.74      74         123
      -81497.86    4.44      78         124
      -81489.86    4.43      76         125
      -81489.52    4.55      78         126
      -81488.37    4.42      82         127
      -81482.11    4.48      79         128
      -81447.87    4.44      80         129
      -81451.79    4.46      79         130
      -81466.42    4.49      77         131
      -81462.20    4.64      76         132
      -81454.76    4.56      74         133
      -81455.33    4.43      73         134
      -81461.81    4.44      70         135
      -81443.14    4.41      73         136
      -81415.44    4.45      73         137
      -81401.99    4.43      74         138
      -81394.13    4.46      76         139
      -81397.05    4.44      74         140
      -81394.06    4.44      71         141
      -81386.78    4.42      74         142
      -81362.24    4.46      70         143
      -81352.41    4.40      72         144
      -81360.32    4.48      68         145
      -81338.44    4.42      74         146
      -81322.95    4.42      75         147
      -81293.36    4.43      77         148
      -81328.61    4.42      75         149
      -81308.54    4.45      72         150
      -81300.27    4.43      72         151
      -81320.69    4.52      69         152
      -81293.10    4.43      72         153
      -81285.93    4.71      70         154
      -81284.60    4.44      68         155
      -81285.41    4.43      74         156
      -81276.09    4.52      71         157
      -81262.08    4.42      77         158
      -81252.12    4.46      74         159
      -81234.87    4.46      76         160
      -81226.64    4.43      77         161
      -81233.23    4.38      79         162
      -81231.59    4.79      74         163
      -81233.29    4.58      70         164
      -81220.80    4.47      69         165
      -81219.47    4.44      72         166
      -81213.37    4.42      71         167
      -81196.64    4.63      76         168
      -81200.67    4.44      72         169
      -81184.92    4.48      73         170
      -81189.44    4.40      73         171
      -81182.21    4.40      71         172
      -81148.32    4.44      68         173
      -81154.99    4.88      69         174
      -81150.04    4.51      69         175
      -81152.87    4.47      69         176
      -81141.99    4.41      68         177
      -81136.89    4.45      72         178
      -81131.49    4.40      74         179
      -81140.39    4.39      70         180
      -81126.93    4.39      74         181
      -81128.65    4.56      74         182
      -81118.85    4.52      81         183
      -81131.37    4.46      80         184
      -81137.87    4.25      83         185
      -81125.11    4.27      78         186
      -81130.83    4.28      75         187
      -81138.37    4.26      74         188
      -81131.57    4.22      80         189
      -81117.19    4.24      72         190
      -81107.10    4.26      72         191
      -81102.19    4.24      74         192
      -81097.04    4.25      69         193
      -81105.98    4.31      66         194
      -81104.92    4.21      69         195
      -81088.03    4.25      69         196
      -81089.63    4.25      68         197
      -81096.72    4.22      71         198
      -81088.00    4.22      66         199
      -81091.40    4.30      68         200
      -81086.02    4.18      67         201
      -81065.67    4.23      67         202
      -81072.82    4.17      64         203
      -81056.45    4.43      65         204
      -81064.59    4.16      63         205
      -81047.22    4.19      64         206
      -81034.84    4.16      67         207
      -81040.89    4.06      68         208
      -81049.87    4.14      68         209
      -81044.02    4.08      63         210
      -81052.66    4.12      60         211
      -81050.90    4.16      61         212
      -81047.14    4.05      62         213
      -81050.01    4.12      63         214
      -81057.69    4.13      63         215
      -81071.28    4.17      62         216
      -81058.59    4.09      64         217
      -81075.60    4.06      63         218
      -81075.41    4.30      63         219
      -81035.66    4.28      65         220
      -81055.52    4.17      64         221
      -81050.58    4.39      63         222
