  likeliklyhood    time   words   iteration
     -911238.40  254.27      23           0
     -321756.60  250.47      32           1
     -319156.00  258.13      34           2
     -316733.80  252.56      32           3
     -313773.40  266.50      35           4
     -309612.60  257.37      38           5
     -302813.40  259.98      55           6
     -291356.80  263.25      61           7
     -272082.80  274.52      41           8
     -243663.60  285.04      37           9
     -213854.00  290.30      16          10
     -188096.00  265.14       7          11
     -163091.90  242.25       8          12
     -145079.20  187.37       8          13
     -135508.10  145.98       2          14
     -128346.10  117.28      10          15
     -120080.90   83.45       3          16
     -111203.50   65.89       8          17
     -104457.00   51.66       7          18
      -99916.46   40.18      16          19
      -96543.48   33.49      10          20
      -94741.86   27.24      12          21
      -93608.24   22.74      10          22
      -92816.63   22.18      14          23
      -92074.51   22.29      20          24
      -91468.35   22.02      12          25
      -90952.04   21.69      14          26
      -90508.63   21.26      16          27
      -90150.83   21.18      19          28
      -89849.15   20.73      16          29
      -89636.34   21.11      18          30
      -89301.79   20.24      23          31
      -88980.39   20.21      16          32
      -88671.08   20.41      30          33
      -88370.07   19.90      22          34
      -88118.63   19.47      17          35
      -87812.40   20.01      21          36
      -87513.28   19.19      27          37
      -87252.80   18.57      18          38
      -86957.31   18.65      23          39
      -86728.31   18.21      21          40
      -86418.20   17.80      16          41
      -86129.46   17.76      13          42
      -85841.83   18.46      22          43
      -85682.46   17.50      22          44
      -85515.53   17.03      23          45
      -85242.09   16.60      26          46
      -85046.18   17.18      19          47
      -84822.34   16.21      23          48
      -84591.01   16.69      23          49
      -84411.88   15.73      24          50
      -84277.25   16.62      26          51
      -84074.99   15.46      22          52
      -83955.08   15.29      24          53
      -83742.19   15.27      25          54
      -83429.16   15.28      21          55
      -83227.44   14.83      25          56
      -83066.46   14.78      27          57
      -82919.58   14.65      30          58
      -82799.16   14.54      23          59
      -82647.51   15.76      21          60
      -82574.62   14.56      15          61
      -82287.23   14.31      24          62
      -82052.27   14.13      18          63
      -81846.22   14.18      15          64
      -81732.64   14.96      16          65
      -81547.24   14.25      12          66
      -81505.32   14.37      20          67
      -81316.18   14.09      20          68
      -81216.98   13.92      21          69
      -81041.91   13.93      19          70
      -80948.32   15.09      18          71
      -80819.15   14.43      16          72
      -80741.38   13.59      19          73
      -80686.87   13.42      26          74
      -80648.06   13.33      21          75
      -80581.89   13.39      23          76
      -80542.69   13.77      13          77
      -80489.66   13.29      26          78
      -80358.88   13.32      19          79
      -80282.21   13.12      23          80
      -80198.83   13.09      21          81
      -80112.66   12.76      24          82
      -79992.31   12.53      24          83
      -79867.73   14.03      19          84
      -79697.22   12.55      17          85
      -79619.27   12.64      19          86
      -79510.45   12.58      23          87
      -79390.15   12.39      29          88
      -79246.76   12.43      29          89
      -79155.04   12.32      23          90
      -79071.17   12.82      22          91
      -78962.01   12.39      28          92
      -78943.42   12.61      17          93
      -78808.93   12.39      18          94
      -78675.16   12.89      22          95
      -78667.39   12.36      27          96
      -78595.18   12.14      33          97
      -78483.13   12.16      16          98
      -78426.66   14.29      19          99
      -78413.08   12.18      17         100
      -78370.91   12.27      19         101
      -78327.61   11.95      20         102
      -78280.70   12.04      25         103
      -78279.65   11.95      22         104
      -78301.86   11.90      16         105
      -78265.15   11.88      19         106
      -78257.82   12.47      27         107
      -78219.46   11.75      21         108
      -78190.39   11.97      23         109
      -78150.82   11.87      21         110
      -78156.53   11.85      17         111
      -78123.68   11.77      27         112
      -78136.38   11.81      21         113
      -78097.33   11.63      14         114
      -78143.84   11.38      21         115
      -78113.40   13.11      21         116
      -78139.24   11.61      19         117
      -78125.68   11.33      18         118
      -78175.48   11.40      26         119
      -78146.56   11.19      22         120
      -78129.32   11.03      23         121
      -78138.32   11.12      29         122
      -78195.53   11.03      25         123
      -78237.64   11.02      20         124
      -78242.71   11.58      24         125
      -78284.24   10.91      19         126
      -78264.86   11.10      22         127
      -78269.57   10.89      24         128
      -78271.65   10.97      28         129
      -78277.17   10.95      29         130
      -78267.06   10.92      29         131
      -78264.02   10.88      22         132
      -78263.72   10.81      23         133
      -78267.46   10.90      32         134
      -78254.27   10.61      27         135
      -78281.89   11.97      28         136
      -78290.55   10.85      20         137
      -78304.48   12.38      18         138
      -78277.69   10.75      17         139
      -78305.12   10.41      20         140
      -78299.00   10.39      21         141
      -78297.41   10.13      17         142
      -78317.70   10.33      23         143
      -78299.05   10.13      22         144
      -78274.52    9.98      19         145
      -78246.87   10.07      17         146
      -78278.21   10.18      17         147
      -78228.61   10.02      21         148
      -78211.69   10.93      29         149
      -78209.17   10.12      26         150
      -78188.99    9.94      23         151
      -78208.31    9.90      24         152
      -78189.65   10.04      27         153
      -78180.17    9.98      23         154
      -78140.39    9.99      22         155
      -78111.85    9.97      22         156
      -78097.06    9.70      18         157
      -78089.61    9.68      19         158
      -78042.51    9.65      21         159
      -78053.71    9.61      21         160
      -78055.65    9.58      20         161
      -78043.37   10.71      20         162
      -78043.90   10.04      20         163
      -78048.70    9.68      21         164
      -78025.84    9.91      19         165
      -78023.25   10.50      20         166
      -78015.95    9.55      25         167
      -78024.64    9.54      20         168
      -78038.40    9.43      20         169
      -78030.20    9.29      23         170
      -78036.21    9.33      26         171
      -78046.40    9.21      20         172
      -78047.49    9.25      23         173
      -78026.02    9.20      24         174
      -78036.88    9.15      26         175
      -78021.06    9.32      24         176
      -78026.24    9.29      26         177
      -78027.95    9.13      27         178
      -78038.59    9.25      25         179
      -78041.31   10.07      23         180
      -78030.42    9.18      23         181
      -78052.98    9.22      25         182
      -78045.26    9.33      27         183
      -78034.16    9.26      23         184
      -78042.97    9.35      25         185
      -78072.84    9.23      27         186
      -78065.07    9.13      29         187
      -78055.65    9.19      24         188
      -78097.86    9.22      22         189
      -78086.26    9.21      24         190
      -78089.05    9.10      21         191
      -78082.51    9.15      17         192
      -78084.84    9.11      16         193
      -78057.60   10.61      12         194
      -78038.24    9.45      10         195
      -78036.07   10.04       8         196
      -78018.63    9.35      12         197
      -77974.20   10.29      14         198
      -77970.31   10.47      17         199
      -77997.41    9.13      17         200
      -77973.11    9.09      18         201
      -77987.57    9.11      16         202
      -77972.23    9.03      17         203
      -77976.25    9.09      22         204
      -77979.58    9.13      25         205
      -77961.14    9.02      23         206
      -77990.54    9.31      26         207
      -78011.23    9.05      31         208
      -78008.10    9.11      26         209
      -77990.09    9.02      24         210
      -77970.68    9.15      26         211
      -78004.19    9.13      26         212
      -78007.65    9.02      30         213
      -78039.21    9.13      29         214
      -78009.05   10.02      30         215
      -78034.73    9.00      31         216
      -77995.80    9.32      30         217
      -78002.38    9.12      28         218
      -77999.10    9.14      25         219
      -78008.85    9.09      24         220
      -77994.18    8.96      24         221
      -77998.31    9.03      22         222
      -77963.36    9.15      24         223
      -77958.66    9.08      20         224
      -77950.57    9.07      17         225
      -77959.74    9.17      19         226
      -77938.60    9.41      21         227
      -77941.01    9.08      19         228
      -77941.60    9.06      20         229
      -77976.84    9.04      23         230
      -77961.42    9.05      24         231
      -77967.32    9.08      20         232
      -77988.23   10.23      24         233
      -77996.69   13.04      20         234
      -78007.08    9.28      23         235
      -78024.07    9.11      24         236
      -78026.42    9.09      25         237
      -78043.52    9.09      25         238
      -78043.31    8.96      22         239
      -78076.91    9.20      26         240
      -78062.63    9.00      26         241
      -78058.99    8.99      25         242
      -78069.32    9.05      24         243
      -78054.46    8.97      24         244
      -78064.27    9.00      23         245
      -78094.63    8.93      23         246
      -78101.95    9.12      23         247
      -78073.83    9.20      24         248
      -78100.05    9.01      25         249
      -78098.13    9.01      22         250
      -78118.52    9.08      21         251
      -78143.84    9.02      24         252
      -78133.97    9.06      27         253
      -78141.69    8.94      25         254
      -78153.84    8.95      26         255
      -78169.15    8.87      27         256
      -78167.57    8.86      30         257
      -78192.12    8.89      31         258
      -78191.30    8.97      26         259
      -78170.63    8.79      25         260
      -78220.30    8.82      25         261
      -78232.91    9.00      26         262
      -78253.41    8.80      23         263
      -78242.79    8.81      28         264
      -78268.57    8.81      26         265
      -78265.10    8.80      30         266
      -78247.59    8.90      27         267
      -78237.59    8.84      28         268
      -78244.94    8.84      28         269
      -78243.10    8.87      26         270
      -78225.08    8.94      23         271
      -78225.21    8.77      23         272
      -78234.76    8.92      20         273
      -78218.76    8.87      22         274
      -78217.66    9.08      23         275
      -78213.26    9.06      20         276
      -78217.20    8.82      20         277
      -78211.07    8.85      23         278
      -78220.33    8.85      19         279
      -78223.40    9.03      21         280
      -78206.80    8.79      19         281
      -78209.86    8.81      22         282
      -78188.25    8.92      20         283
      -78186.57    9.10      20         284
      -78201.99    8.88      19         285
      -78218.97    8.81      13         286
      -78204.81    8.83      19         287
      -78216.01    9.13      21         288
      -78207.18    8.90      20         289
      -78211.08    8.79      20         290
      -78208.09    8.89      19         291
      -78198.02    8.90      14         292
      -78209.35    8.86      12         293
      -78203.91    8.80      17         294
      -78217.09    8.79      18         295
      -78213.58    8.85      17         296
      -78228.42    8.86      20         297
      -78248.45    8.84      18         298
      -78229.75    8.89      20         299
      -78204.68    8.83      19         300
      -78221.72    8.88      16         301
      -78203.43    8.85      17         302
      -78205.12    8.86      20         303
      -78224.59    8.82      21         304
      -78216.45    8.86      20         305
      -78207.86    9.02      19         306
      -78195.56    8.88      18         307
      -78192.27    8.86      18         308
      -78206.99    8.87      14         309
      -78212.46    8.85      15         310
      -78207.89    8.78      13         311
      -78212.86    9.16      15         312
      -78229.73    8.91      20         313
      -78210.02    8.83      22         314
      -78242.44    8.97      20         315
      -78224.01    9.10      20         316
      -78207.31    8.83      22         317
      -78228.49    8.82      24         318
      -78208.46    8.88      25         319
      -78222.73    8.91      24         320
      -78216.53    8.95      18         321
      -78246.80    8.80      24         322
      -78221.41    8.87      21         323
      -78249.43    8.83      19         324
      -78222.22    8.82      20         325
      -78224.53    8.91      20         326
      -78220.25    8.81      21         327
      -78193.43    8.90      22         328
      -78203.86    8.94      20         329
      -78206.77    8.84      25         330
      -78204.75    8.89      25         331
      -78219.39    8.85      22         332
      -78240.42    8.84      24         333
      -78232.25    8.89      24         334
      -78236.70    9.03      22         335
      -78254.76    8.84      23         336
      -78269.26    8.88      24         337
      -78257.35    8.85      22         338
      -78268.84    8.86      25         339
      -78263.01    8.87      25         340
      -78264.28    8.91      26         341
      -78269.20    8.85      30         342
      -78261.37    9.06      30         343
      -78249.88    8.81      31         344
      -78268.83    8.79      29         345
      -78222.77    8.97      26         346
      -78228.00    9.13      28         347
      -78236.73    8.84      28         348
      -78240.10    9.23      29         349
      -78244.29    9.32      28         350
      -78233.67    8.90      29         351
      -78224.86    8.82      31         352
      -78240.00    8.95      31         353
      -78248.68    8.93      27         354
      -78244.28    8.85      27         355
      -78264.98    8.82      31         356
      -78266.74    8.91      31         357
      -78307.82    8.89      30         358
      -78282.03    8.88      30         359
      -78266.43    8.82      32         360
      -78242.89    8.92      28         361
      -78259.89    8.94      25         362
      -78252.81    9.37      27         363
      -78227.87    8.88      26         364
      -78274.78    8.89      25         365
      -78233.56    8.82      24         366
      -78253.04    8.79      25         367
      -78321.86    8.81      19         368
      -78291.64    8.91      20         369
      -78288.38    8.85      20         370
      -78310.65    8.86      22         371
      -78320.87    8.80      21         372
      -78302.85    9.03      23         373
      -78298.42    9.04      23         374
      -78310.53    8.76      25         375
      -78279.43    9.24      20         376
      -78265.92    8.84      22         377
      -78249.10    8.91      24         378
      -78229.26    8.93      24         379
      -78203.30    8.82      23         380
      -78198.22    8.86      24         381
      -78197.90    8.82      22         382
      -78156.31    8.86      22         383
      -78147.19    8.88      23         384
      -78167.77    8.83      24         385
      -78163.33    8.78      24         386
      -78148.77    8.87      20         387
      -78122.42    8.79      22         388
      -78150.51    8.92      20         389
      -78127.53    8.88      19         390
      -78126.33    8.78      19         391
      -78124.83    8.75      24         392
      -78105.93    8.77      26         393
      -78079.40    8.86      20         394
      -78107.31    8.77      18         395
      -78089.42    8.85      21         396
      -78090.85    8.95      18         397
      -78091.99    8.91      19         398
      -78137.72    8.80      21         399
      -78148.45    8.84      18         400
      -78129.34    8.86      18         401
      -78142.01    8.81      15         402
      -78162.23    8.78      13         403
      -78164.47    8.73      14         404
      -78178.41    8.74      14         405
      -78190.63    8.83      15         406
      -78179.92    8.87      14         407
      -78198.39    8.78      14         408
      -78197.22    8.70      13         409
      -78220.66    8.84      16         410
      -78209.95    8.82      17         411
      -78170.47    8.84      14         412
      -78173.88    8.84      17         413
      -78142.20    8.73      21         414
      -78117.19    8.78      22         415
      -78103.00    8.80      25         416
      -78112.60    8.75      25         417
      -78087.44    8.67      24         418
      -78051.74    8.71      24         419
      -78042.57    8.68      26         420
      -77988.71    8.88      26         421
      -77994.34    8.76      19         422
      -77972.69    8.92      16         423
      -77967.31    8.70      25         424
      -77906.42    8.66      16         425
      -77902.53    8.77      20         426
      -77878.05    8.71      21         427
      -77862.61    8.73      17         428
      -77855.59    8.77      10         429
      -77808.02    8.82      15         430
      -77802.65    8.61      18         431
      -77781.87    8.61      17         432
      -77761.10    8.61      24         433
      -77734.19    8.64      24         434
      -77709.53    8.63      27         435
      -77677.27    8.56      28         436
      -77643.51    8.64      26         437
      -77620.67    8.88      24         438
      -77592.59    8.55      19         439
      -77581.05    8.50      25         440
      -77656.43    8.51      22         441
      -77687.07    8.62      22         442
      -77693.46    8.51      23         443
      -77707.68    8.55      22         444
      -77660.22    8.63      22         445
      -77615.23    9.05      20         446
      -77623.88    8.38      22         447
      -77603.18    8.37      22         448
      -77565.69    8.36      24         449
      -77543.76    8.24      21         450
      -77511.20    8.20      20         451
      -77485.03    8.29      20         452
      -77460.08    8.21      19         453
      -77441.09    8.31      19         454
      -77419.73    8.31      17         455
      -77386.31    8.23      20         456
      -77375.95    8.23      21         457
      -77368.53    8.20      20         458
      -77367.86    8.28      21         459
      -77348.94    8.23      18         460
      -77339.38    8.23      18         461
      -77374.47    8.29      19         462
      -77368.17    8.22      18         463
      -77341.43    8.23      21         464
      -77331.56    8.21      21         465
      -77353.38    8.27      19         466
      -77341.00    8.26      22         467
      -77337.66    8.23      17         468
      -77353.55    8.21      18         469
      -77339.47    8.61      20         470
      -77322.66    8.18      20         471
      -77348.50    8.27      24         472
      -77330.40    8.19      24         473
      -77350.73    8.30      22         474
      -77348.29    8.23      20         475
      -77359.48    8.12      19         476
      -77368.89    8.24      24         477
      -77351.11    8.33      19         478
      -77365.77    8.15      22         479
      -77366.80    8.14      21         480
      -77380.61    8.23      20         481
      -77399.41    8.28      21         482
      -77394.41    8.24      22         483
      -77399.14    8.20      19         484
      -77406.40    8.20      21         485
      -77389.94    8.14      20         486
      -77401.91    8.20      20         487
      -77393.20    8.16      23         488
      -77375.68    8.21      22         489
      -77395.18    8.21      26         490
      -77374.05    8.08      23         491
      -77382.68    8.06      22         492
      -77367.49    8.13      22         493
      -77371.19    8.19      25         494
      -77373.53    8.51      22         495
      -77377.71    8.07      23         496
      -77378.65    8.14      26         497
      -77371.49    8.28      26         498
      -77380.99    8.18      25         499
